    0:     1     1   351
    1:   236   351   467
    2:   419   467   693
    3:   424   693   711
    4:   506   711   891
    5:   675   891  1251
    6:   848  1687  1809
    7:  1056  1483  1687
    8:  1148  1329  1483
    9:  1194  1251  1329
   10:  1306  2306  2312
   11:  1367  2031  2055
   12:  1392  2055  2147
   13:  1529  2147  2306
   14:  1639  1809  1956
   15:  1792  1956  2031
   16:  1833  2312  2600
   17:  2058  2671  2701
   18:  2268  2600  2671
   19:  2334  2701  2879
SUM: 2879 2878 515.25 371.35 1000
