    0:     1     1    88
    1:    60    88   117
    2:   105   117   173
    3:   106   173   178
    4:   126   178   223
    5:   168   223   313
    6:   211   313   413
    7:   262   413   443
    8:   285   443   494
    9:   296   494   533
   10:   324   533   540
   11:   339   540   606
   12:   345   606   629
   13:   379   629   669
   14:   406   669   757
   15:   444   757   774
   16:   454   774   775
   17:   510   775   799
   18:   562   799   807
   19:   578   807   844
   20:   581   844   878
   21:   597   878   908
   22:   605   908   969
   23:   632   969  1001
   24:   677  1001  1048
   25:   725  1048  1069
   26:   748  1069  1093
   27:   792  1093  1153
   28:   836  1153  1179
   29:   865  1179  1193
   30:   901  1193  1201
   31:   940  1201  1285
   32:   974  1285  1318
   33:   977  1318  1333
   34:  1029  1333  1344
   35:  1030  1344  1415
   36:  1069  1415  1490
   37:  1132  1490  1554
   38:  1186  1554  1599
   39:  1223  1599  1619
   40:  1280  1619  1646
   41:  1337  1646  1658
   42:  1366  1658  1700
   43:  1422  1700  1752
   44:  1443  1752  1782
   45:  1481  1782  1794
   46:  1489  1794  1807
   47:  1498  1807  1840
   48:  1529  1840  1853
   49:  1563  1853  1888
SUM: 1888 1887 293.12 255.38 376
