    0:     1     1   351
    1:   236   351   467
    2:   419   467   693
    3:   424   693   711
    4:   506   711   891
    5:   675   891  1251
    6:   848  1251  1653
    7:  1056  1653  1775
    8:  1148  1775  1979
    9:  1194  1979  2133
   10:  1306  2133  2156
   11:  1367  2156  2413
   12:  1392  2413  2505
   13:  1529  2505  2664
   14:  1639  2664  3014
   15:  1792  3014  3089
   16:  1833  3089  3096
   17:  2058  3096  3197
   18:  2268  3197  3227
   19:  2334  3227  3375
SUM: 3375 3374 830.75 662.05 1256
