    0:     1     1   351
    1:   236   351   467
    2:   419   467   693
    3:   424   693   711
    4:   506   711   891
    5:   675   933  1335
    6:   848   891   933
    7:  1056  1515  1639
    8:  1148  1335  1411
    9:  1194  1664  1997
   10:  1306  2014  2020
   11:  1367  1423  1515
   12:  1392  1411  1423
   13:  1529  1997  2014
   14:  1639  1639  1664
   15:  1792  2020  2301
   16:  1833  2301  2308
   17:  2058  2379  2409
   18:  2268  2308  2379
   19:  2334  2409  2587
SUM: 2587 2586 351.15 221.85 708
