    0:     1     1   351
    1:   236   351   467
    2:   419   711   729
    3:   424   467   711
    4:   506  1293  1335
    5:   675   729   891
    6:   848   891  1293
    7:  1056  1335  1415
    8:  1148  1539  1619
    9:  1194  1631  1773
   10:  1306  1790  1796
   11:  1367  1415  1539
   12:  1392  1619  1631
   13:  1529  1773  1790
   14:  1639  1796  2152
   15:  1792  2220  2227
   16:  1833  2152  2220
   17:  2058  2227  2335
   18:  2268  2335  2365
   19:  2334  2365  2513
SUM: 2513 2512 356.35 230.75 787
