    0:     1     1   351
    1:   236   351   467
    2:   419   467   693
    3:   424   693   711
    4:   506   711   891
    5:   675   933  1335
    6:   848   891   933
    7:  1056  1792  1817
    8:  1148  1601  1613
    9:  1194  1335  1413
   10:  1306  1413  1436
   11:  1367  1613  1693
   12:  1392  1436  1601
   13:  1529  1917  2192
   14:  1639  1693  1792
   15:  1792  1817  1917
   16:  1833  2192  2474
   17:  2058  2545  2575
   18:  2268  2474  2545
   19:  2334  2575  2753
SUM: 2753 2752 358.85 221.25 736
