    0:     1     1    88
    1:    60    88   117
    2:   105   178   183
    3:   106   117   178
    4:   126   323   333
    5:   168   183   223
    6:   211   223   323
    7:   262   333   353
    8:   285   384   404
    9:   296   407   443
   10:   324   447   450
   11:   339   353   384
   12:   345   404   407
   13:   379   443   447
   14:   406   450   541
   15:   444   557   558
   16:   454   541   557
   17:   510   558   583
   18:   562   583   591
   19:   578   594   628
   20:   581   591   594
   21:   597   628   692
   22:   605   738   753
   23:   632   753   785
   24:   677   692   738
   25:   725   897   901
   26:   748   785   877
   27:   792   911   937
   28:   836   901   911
   29:   865   877   897
   30:   901   937   985
   31:   940  1036  1069
   32:   974  1021  1036
   33:   977   985  1021
   34:  1029  1156  1160
   35:  1030  1069  1081
   36:  1069  1081  1156
   37:  1132  1160  1220
   38:  1186  1220  1265
   39:  1223  1265  1285
   40:  1280  1285  1312
   41:  1337  1337  1349
   42:  1366  1366  1408
   43:  1422  1422  1474
   44:  1443  1474  1504
   45:  1481  1504  1516
   46:  1489  1536  1569
   47:  1498  1516  1536
   48:  1529  1569  1589
   49:  1563  1589  1624
SUM: 1624 1567 82.94 51.60 197
