    0:     1     1   176
    1:    70   184   234
    2:   106   250   347
    3:   120   364   375
    4:   122   176   184
    5:   160   607   625
    6:   193   234   250
    7:   199   349   364
    8:   224   398   416
    9:   293   625   625
   10:   310  1097  1101
   11:   318   347   349
   12:   321  1012  1018
   13:   344  1084  1097
   14:   362   375   398
   15:   388   468   472
   16:   393   416   468
   17:   451   472   525
   18:   499   525   539
   19:   508   989   995
   20:   509   539   546
   21:   518   546   607
   22:   523   943   989
   23:   538  1023  1053
   24:   575   694   735
   25:   618   625   694
   26:   628   800   825
   27:   662   989   989
   28:   696   735   756
   29:   713   756   785
   30:   739   785   800
   31:   767  1053  1062
   32:   790   995   996
   33:   791   825   921
   34:   839   921   943
   35:   903  1018  1023
   36:   913  1101  1104
   37:   959  1062  1075
   38:   976   996  1012
   39:  1002  1083  1084
   40:  1016  1076  1083
   41:  1026  1294  1397
   42:  1053  1075  1076
   43:  1060  1404  1525
   44:  1073  1397  1402
   45:  1099  1104  1209
   46:  1103  1402  1404
   47:  1108  1224  1249
   48:  1128  1209  1224
   49:  1151  1249  1294
SUM: 1525 1524 211.24 180.76 787
