    0:     1     1   206
    1:    63   206   274
    2:    97   274   406
    3:   111   406   434
    4:   113   434   536
    5:   149   536   751
    6:   181   751  1005
    7:   187  1005  1133
    8:   211  1133  1195
    9:   273  1195  1258
   10:   290  1258  1553
   11:   298  1553  1705
   12:   301  1705  1759
   13:   323  1759  1852
   14:   336  1852  2057
   15:   365  2057  2101
   16:   370  2101  2105
   17:   423  2105  2164
   18:   461  2164  2181
   19:   477  2181  2268
   20:   478  2268  2346
   21:   487  2346  2418
   22:   491  2418  2561
   23:   507  2561  2636
   24:   541  2636  2746
   25:   579  2746  2795
   26:   592  2795  2851
   27:   625  2851  2991
   28:   657  2991  3051
   29:   675  3051  3085
   30:   699  3085  3102
   31:   721  3102  3303
   32:   748  3303  3385
   33:   749  3385  3421
   34:   794  3421  3446
   35:   852  3446  3539
   36:   862  3539  3634
   37:   905  3634  3668
   38:   921  3668  3742
   39:   946  3742  3827
   40:   960  3827  3828
   41:   970  3828  3948
   42:   996  3948  4059
   43:  1003  4059  4320
   44:  1016  4320  4464
   45:  1041  4464  4491
   46:  1045  4491  4521
   47:  1050  4521  4597
   48:  1069  4597  4626
   49:  1091  4626  4708
   50:  1118  4708  4825
   51:  1140  4825  4980
   52:  1158  4980  5109
   53:  1210  5109  5237
   54:  1212  5237  5396
   55:  1273  5396  5404
   56:  1288  5404  5477
   57:  1291  5477  5510
   58:  1298  5510  5516
   59:  1318  5516  5710
   60:  1357  5710  5899
   61:  1425  5899  5937
   62:  1435  5937  6061
   63:  1478  6061  6150
   64:  1486  6150  6222
   65:  1520  6222  6243
   66:  1523  6243  6287
   67:  1532  6287  6323
   68:  1554  6323  6453
   69:  1603  6453  6524
   70:  1611  6524  6597
   71:  1632  6597  6658
   72:  1646  6658  6699
   73:  1678  6699  6703
   74:  1724  6703  6827
   75:  1742  6827  6931
   76:  1757  6931  6984
   77:  1823  6984  7082
   78:  1828  7082  7089
   79:  1869  7089  7179
SUM: 7179 7178 3042.94 2953.21 5254
