    0:     1     1   176
    1:    70   176   234
    2:   106   234   347
    3:   120   347   371
    4:   122   371   458
    5:   160   458   641
    6:   193   641   858
    7:   199   858   968
    8:   224   968  1020
    9:   293  1020  1075
   10:   310  1075  1327
   11:   318  1327  1457
   12:   321  1457  1504
   13:   344  1504  1583
   14:   362  1583  1758
   15:   388  1758  1796
   16:   393  1796  1800
   17:   451  1800  1849
   18:   499  1849  1863
   19:   508  1863  1937
   20:   509  1937  2004
   21:   518  2004  2065
   22:   523  2065  2187
   23:   538  2187  2251
   24:   575  2251  2345
   25:   618  2345  2386
   26:   628  2386  2435
   27:   662  2435  2555
   28:   696  2555  2606
   29:   713  2606  2635
   30:   739  2635  2650
   31:   767  2650  2818
   32:   790  2818  2884
   33:   791  2884  2915
   34:   839  2915  2937
   35:   903  2937  3017
   36:   913  3017  3098
   37:   959  3098  3127
   38:   976  3127  3190
   39:  1002  3190  3262
   40:  1016  3262  3263
   41:  1026  3263  3365
   42:  1053  3365  3460
   43:  1060  3460  3683
   44:  1073  3683  3806
   45:  1099  3806  3829
   46:  1103  3829  3854
   47:  1108  3854  3919
   48:  1128  3919  3944
   49:  1151  3944  4014
SUM: 4014 4013 1653.36 1573.10 2793
